{
    "rmse": 0.6972446474540214,
    "mae": 0.5505269460395097,
    "r2": 0.27653543896233856
}